pos	G	A	T	C
0	0.074723	0.333026	0.314576	0.277675
1	0.111624	0.323801	0.452952	0.111624
2	0.305351	0.176199	0.323801	0.194649
3	0.111624	0.323801	0.222325	0.342251
4	0.074723	0.120849	0.499077	0.305351
5	0.157749	0.231550	0.379151	0.231550
6	0.093173	0.277675	0.360701	0.268450
7	0.102399	0.277675	0.360701	0.259225
8	0.120849	0.416052	0.250000	0.213100
9	0.240775	0.397601	0.157749	0.203875
10	0.213100	0.314576	0.323801	0.148524
11	0.139299	0.388376	0.176199	0.296125
12	0.010148	0.314576	0.259225	0.416052
13	0.111624	0.416052	0.360701	0.111624
14	0.277675	0.240775	0.222325	0.259225
15	0.083948	0.259225	0.157749	0.499077
16	0.093173	0.554428	0.203875	0.148524
17	0.443727	0.342251	0.139299	0.074723
18	0.056273	0.443727	0.157749	0.342251
19	0.286900	0.342251	0.194649	0.176199
20	0.000923	0.997232	0.000923	0.000923
21	0.000923	0.000923	0.997232	0.000923
22	0.997232	0.000923	0.000923	0.000923
23	0.628229	0.130074	0.083948	0.157749
24	0.111624	0.388376	0.130074	0.369926
25	0.268450	0.296125	0.213100	0.222325
26	0.342251	0.268450	0.333026	0.056273
27	0.047048	0.268450	0.333026	0.351476
28	0.065498	0.203875	0.443727	0.286900
29	0.416052	0.286900	0.130074	0.166974
30	0.148524	0.443727	0.176199	0.231550
31	0.157749	0.250000	0.351476	0.240775
32	0.305351	0.194649	0.342251	0.157749
