pos	G	A	T	C
0	0.204705	0.301499	0.322677	0.171119
1	0.246801	0.287987	0.289156	0.176056
2	0.224258	0.314752	0.282465	0.178525
3	0.209187	0.300070	0.321833	0.168910
4	0.246671	0.294288	0.284349	0.174692
5	0.222180	0.321118	0.289741	0.166961
6	0.206783	0.299550	0.320988	0.172678
7	0.249984	0.297342	0.285129	0.167546
8	0.211201	0.314817	0.279672	0.194311
9	0.192557	0.302409	0.332227	0.172808
10	0.246995	0.298186	0.283310	0.171509
11	0.222310	0.310529	0.286623	0.180538
12	0.201846	0.301304	0.325990	0.170859
13	0.247385	0.297537	0.283245	0.171833
14	0.210486	0.318844	0.292080	0.178590
15	0.205029	0.300525	0.317350	0.177095
16	0.260183	0.308710	0.274475	0.156632
17	0.232314	0.311114	0.279997	0.176576
18	0.206589	0.322417	0.302864	0.168130
19	0.283245	0.286623	0.239135	0.190997
20	0.000006	0.999981	0.000006	0.000006
21	0.000006	0.000006	0.999981	0.000006
22	0.999981	0.000006	0.000006	0.000006
23	0.260573	0.312413	0.256740	0.170274
24	0.185800	0.321768	0.324756	0.167676
25	0.274605	0.299875	0.270577	0.154943
26	0.214579	0.324496	0.283115	0.177810
27	0.207888	0.307216	0.319234	0.165662
28	0.252387	0.304683	0.277918	0.165012
29	0.215099	0.313712	0.293964	0.177225
30	0.199443	0.296172	0.331772	0.172613
31	0.245956	0.313972	0.269278	0.170794
32	0.221725	0.317285	0.277918	0.183072
