pos	G	A	T	C
0	0.161210	0.347114	0.297170	0.194506
1	0.180633	0.302719	0.330466	0.186182
2	0.252775	0.283296	0.286071	0.177858
3	0.186182	0.319367	0.247225	0.247225
4	0.175083	0.286071	0.349889	0.188957
5	0.180633	0.324917	0.302719	0.191731
6	0.180633	0.344340	0.299945	0.175083
7	0.172309	0.294395	0.347114	0.186182
8	0.205605	0.302719	0.297170	0.194506
9	0.180633	0.358213	0.286071	0.175083
10	0.219478	0.291620	0.319367	0.169534
11	0.194506	0.305494	0.274972	0.225028
12	0.158435	0.305494	0.302719	0.233352
13	0.183407	0.313818	0.316593	0.186182
14	0.236127	0.322142	0.247225	0.194506
15	0.155660	0.313818	0.252775	0.277747
16	0.202830	0.352664	0.247225	0.197281
17	0.305494	0.338790	0.216704	0.139012
18	0.141787	0.380411	0.261099	0.216704
19	0.247225	0.308269	0.222253	0.222253
20	0.000277	0.999168	0.000277	0.000277
21	0.000277	0.000277	0.999168	0.000277
22	0.999168	0.000277	0.000277	0.000277
23	0.391509	0.244451	0.202830	0.161210
24	0.119589	0.347114	0.277747	0.255549
25	0.258324	0.261099	0.283296	0.197281
26	0.269423	0.324917	0.255549	0.150111
27	0.130688	0.338790	0.308269	0.222253
28	0.194506	0.266648	0.330466	0.208380
29	0.277747	0.322142	0.205605	0.194506
30	0.169534	0.327691	0.277747	0.225028
31	0.247225	0.280522	0.302719	0.169534
32	0.286071	0.302719	0.222253	0.188957
