pos	G	A	T	C
0	0.204252	0.311451	0.300982	0.183315
1	0.210115	0.312707	0.290723	0.186456
2	0.206241	0.325374	0.290095	0.178290
3	0.213360	0.298155	0.312602	0.175883
4	0.221211	0.304646	0.294073	0.180070
5	0.209801	0.321605	0.293131	0.175464
6	0.211580	0.298888	0.310613	0.178918
7	0.221316	0.306740	0.295538	0.176406
8	0.207707	0.316580	0.287059	0.188654
9	0.195459	0.308938	0.322966	0.172637
10	0.235239	0.306635	0.286326	0.171800
11	0.213151	0.317208	0.287687	0.181954
12	0.195354	0.304332	0.304437	0.195877
13	0.227702	0.309252	0.287477	0.175568
14	0.209277	0.327363	0.278893	0.184467
15	0.201007	0.302343	0.308205	0.188445
16	0.251361	0.314486	0.275543	0.158609
17	0.217861	0.321710	0.276904	0.183525
18	0.201531	0.329561	0.293026	0.175883
19	0.255025	0.296062	0.235030	0.213883
20	0.000010	0.999969	0.000010	0.000010
21	0.000010	0.000010	0.999969	0.000010
22	0.999969	0.000010	0.000010	0.000010
23	0.246022	0.315847	0.253036	0.185095
24	0.181640	0.327049	0.316161	0.175150
25	0.239113	0.300354	0.283081	0.177453
26	0.207602	0.323803	0.292816	0.175778
27	0.208230	0.302866	0.305902	0.183001
28	0.231157	0.310194	0.285907	0.172742
29	0.211162	0.306216	0.298051	0.184571
30	0.198390	0.303285	0.306740	0.191585
31	0.221525	0.321500	0.274811	0.182164
32	0.207393	0.312811	0.291141	0.188654
