pos	G	A	T	C
0	0.183313	0.325993	0.279467	0.211228
1	0.189516	0.313586	0.257754	0.239144
2	0.180211	0.322891	0.304280	0.192618
3	0.205025	0.341501	0.242246	0.211228
4	0.174007	0.291873	0.366315	0.167804
5	0.174007	0.353908	0.288772	0.183313
6	0.161600	0.353908	0.276365	0.208127
7	0.183313	0.332196	0.313586	0.170906
8	0.189516	0.322891	0.294975	0.192618
9	0.164702	0.369417	0.288772	0.177109
10	0.180211	0.329094	0.301179	0.189516
11	0.180211	0.313586	0.313586	0.192618
12	0.174007	0.301179	0.304280	0.220533
13	0.167804	0.298077	0.288772	0.245347
14	0.208127	0.316687	0.267060	0.208127
15	0.167804	0.319789	0.251551	0.260856
16	0.164702	0.341501	0.276365	0.217432
17	0.217432	0.347705	0.257754	0.177109
18	0.186414	0.403536	0.245347	0.164702
19	0.198821	0.400434	0.198821	0.201923
20	0.000310	0.999069	0.000310	0.000310
21	0.000310	0.000310	0.999069	0.000310
22	0.999069	0.000310	0.000310	0.000310
23	0.347705	0.285670	0.239144	0.127481
24	0.183313	0.357010	0.195720	0.263958
25	0.201923	0.298077	0.319789	0.180211
26	0.192618	0.363213	0.251551	0.192618
27	0.161600	0.301179	0.304280	0.232940
28	0.205025	0.273263	0.298077	0.223635
29	0.220533	0.360112	0.236042	0.183313
30	0.139888	0.332196	0.285670	0.242246
31	0.229839	0.335298	0.248449	0.186414
32	0.220533	0.378722	0.167804	0.232940
