pos	G	A	T	C
0	0.084025	0.384855	0.208506	0.322614
1	0.156639	0.364108	0.146266	0.332988
2	0.104772	0.426349	0.281120	0.187759
3	0.042531	0.498963	0.198133	0.260373
4	0.063278	0.457469	0.322614	0.156639
5	0.104772	0.332988	0.281120	0.281120
6	0.094398	0.498963	0.208506	0.198133
7	0.125519	0.426349	0.353734	0.094398
8	0.094398	0.467842	0.229253	0.208506
9	0.125519	0.457469	0.229253	0.187759
10	0.125519	0.364108	0.301867	0.208506
11	0.198133	0.250000	0.322614	0.229253
12	0.104772	0.281120	0.405602	0.208506
13	0.104772	0.301867	0.208506	0.384855
14	0.208506	0.322614	0.229253	0.239627
15	0.104772	0.374481	0.177386	0.343361
16	0.063278	0.436722	0.187759	0.312241
17	0.052905	0.550830	0.270747	0.125519
18	0.146266	0.415975	0.250000	0.187759
19	0.032158	0.415975	0.229253	0.322614
20	0.001037	0.996888	0.001037	0.001037
21	0.001037	0.001037	0.996888	0.001037
22	0.996888	0.001037	0.001037	0.001037
23	0.436722	0.239627	0.198133	0.125519
24	0.146266	0.436722	0.094398	0.322614
25	0.167012	0.374481	0.291494	0.167012
26	0.167012	0.530083	0.115145	0.187759
27	0.032158	0.374481	0.229253	0.364108
28	0.167012	0.301867	0.291494	0.239627
29	0.156639	0.374481	0.218880	0.250000
30	0.063278	0.436722	0.322614	0.177386
31	0.167012	0.281120	0.260373	0.291494
32	0.156639	0.519710	0.052905	0.270747
